2 30 28 1.000000
400002 404086 4092 7.997903
440002 444078 4092 7.997774
480002 484079 4092 7.997860
520002 524073 4092 7.997889
560002 564088 4092 7.998079
600002 604075 4092 7.997930
640002 644071 4092 7.997835
680002 684073 4092 7.998001
720002 724076 4092 7.998001
760002 764083 4092 7.998124
40002 44092 4092 7.994222
800002 804075 4092 7.998093
840002 844087 4092 7.998147
880002 884064 4092 7.997978
920002 924080 4092 7.998093
960002 964059 4092 7.998023
80002 84093 4092 7.996586
120002 124089 4092 7.996735
160002 164084 4092 7.997027
200002 204086 4092 7.997389
240002 244082 4092 7.997330
280002 284083 4092 7.997693
320002 324082 4092 7.997722
360002 364085 4092 7.997759
