1000000 487242 908 3.860191
1000000 607460 1660 4.826791
1000000 625415 1804 4.975174
1000000 646341 2012 5.145127
1000000 670829 2188 5.338309
1000000 699466 2524 5.563443
1000000 732612 2684 5.830603
1000000 773693 3084 6.163203
1000000 828346 3564 6.593400
1000000 904264 4044 7.201127
1000000 999987 4092 7.998217
1000000 495615 972 3.929678
1000000 504377 1004 4.003811
1000000 513973 1084 4.084842
1000000 523833 1116 4.165921
1000000 535312 1164 4.255632
1000000 547588 1260 4.352040
1000000 560371 1356 4.453985
1000000 575259 1436 4.568595
1000000 590763 1532 4.692802
